27000000
167284151
3796416
3869893
324242703
25153757
6644672
3442951
3723875
67917312
2197
48228544
653972032
571787000
16003008
106496424
2985984
64964808
141420761
28934443
18399744
329939371
3307949
136590875
68921000
512000000
106496424
329939371
27270901
12812904
281011375
143877824
63521199
64000
27270901
571787
377933067
3176523
27270901
340068392
27000000
167284151
3796416
3869893
320013504
331373888
138188413
5832
52734375
238328000
82881856
116214272
81182737
4173281
7645373
137388096
401947272
4173281
1000000000
1838265625
28934443
493039
3112136
55742968
16777216
329939371
4173281
28652616
28934443
172808693
27000000
3944312
244140625
143055667
1560896
291434247
62099136
644972544
67419143
10648000
105154048
229220928
340068392
250047000
8
636056
232608375
27270901
12977875
132651000
29503629
3869893
172808693
27000000
3869893
392223168
64000
229220928
284890312
7301384
246491883
238328000
432081216
325660672
48228544
686128968
7645373
137388096
401947272
4173281
10648000
105154048
229220928
325660672
281011375
4913
3176523
277167808
704969
4330747
48228544
674526133
143055667
3241792
103823000
257259456
174676879
27543608
104487111
3112136
257259456
174676879
27543608
111980168
7077888
4251528
272097792
10648000
4913
3869893
143055667
233744896
211708736
28372625
3176523
19902511
341532099
296740963
8
52313624
438976000
234885113
68921000
500566184
137388096
211708736
4251528
331373888
138188413
308915776
1115157653
1505060136
1793613375
272097792
438976000
1331
28652616
340068392
8000000
107850176
211708736
4251528
344472101
27270901
12812904
27270901
329939371
2985984
248858189
13824
65939264
296740963
7301384
230346397
25412184
27270901
325660672
10648000
230346397
24137569
25412184
27270901
325660672
10648000
253636137
1331
379503424
131872229
1393668613
24389000
137388096
157464000
233744896
340068392
85184
11239424
115501303
3375000
4173281
738763264
245314376
822656953
24137569
28652616
374805361
344472101
8
321419125
25412184
27270901
325660672
10648000
245314376
105154048
303464448
296740963
3796416
143877824
341532099
238328000
115501303
68417929
85184
